Duplicate for det1 -1985, mina1 1, det2 -1985, mina2 1, coords [10656, 10656, 10656, 10656, 796, 796, 796, 10656, 10656, 10656, 10656, 796, 796, 796]
Duplicate for det1 -1885, mina1 1, det2 -1885, mina2 1, coords [16542, 16542, 16542, 16542, 1568, 1568, 1568, 16542, 16542, 16542, 16542, 1568, 1568, 1568]
Duplicate for det1 -1757, mina1 1, det2 -1757, mina2 1, coords [11274, 11274, 11274, 11274, 1000, 1000, 1000, 11274, 11274, 11274, 11274, 1000, 1000, 1000]
Duplicate for det1 -1727, mina1 1, det2 -1727, mina2 1, coords [9942, 9942, 9942, 9942, 790, 790, 790, 9942, 9942, 9942, 9942, 790, 790, 790]
Duplicate for det1 -1671, mina1 1, det2 -1671, mina2 1, coords [12314, 12314, 12314, 12314, 1112, 1112, 1112, 12314, 12314, 12314, 12314, 1112, 1112, 1112]
Duplicate for det1 -1611, mina1 1, det2 -1611, mina2 1, coords [11500, 11500, 11500, 11500, 1068, 1068, 1068, 11500, 11500, 11500, 11500, 1068, 1068, 1068]
Duplicate for det1 -1551, mina1 1, det2 -1551, mina2 1, coords [10176, 10176, 10176, 10176, 920, 920, 920, 10176, 10176, 10176, 10176, 920, 920, 920]
Duplicate for det1 -1526, mina1 1, det2 -1748, mina2 1, coords [11460, 11460, 11460, 11460, 880, 880, 880, 11460, 11460, 11460, 11460, 880, 880, 880]
Duplicate for det1 -1313, mina1 1, det2 -1313, mina2 1, coords [7746, 7746, 7746, 7746, 700, 700, 700, 7746, 7746, 7746, 7746, 700, 700, 700]
Duplicate for det1 -1211, mina1 1, det2 -1211, mina2 1, coords [7374, 7374, 7374, 7374, 688, 688, 688, 7374, 7374, 7374, 7374, 688, 688, 688]
Duplicate for det1 -1195, mina1 1, det2 -1195, mina2 1, coords [9624, 9624, 9624, 9624, 952, 952, 952, 9624, 9624, 9624, 9624, 952, 952, 952]
Duplicate for det1 -1167, mina1 1, det2 -1167, mina2 1, coords [8174, 8174, 8174, 8174, 776, 776, 776, 8174, 8174, 8174, 8174, 776, 776, 776]
Duplicate for det1 -1073, mina1 1, det2 -1073, mina2 1, coords [5994, 5994, 5994, 5994, 532, 532, 532, 5994, 5994, 5994, 5994, 532, 532, 532]
Duplicate for det1 -1005, mina1 1, det2 -1005, mina2 1, coords [6160, 6160, 6160, 6160, 544, 544, 544, 6160, 6160, 6160, 6160, 544, 544, 544]
Duplicate for det1 -987, mina1 1, det2 -987, mina2 1, coords [7120, 7120, 7120, 7120, 736, 736, 736, 7120, 7120, 7120, 7120, 736, 736, 736]
Duplicate for det1 -893, mina1 1, det2 -893, mina2 1, coords [4926, 4926, 4926, 4926, 460, 460, 460, 4926, 4926, 4926, 4926, 460, 460, 460]
Duplicate for det1 -865, mina1 1, det2 -865, mina2 1, coords [6612, 6612, 6612, 6612, 688, 688, 688, 6612, 6612, 6612, 6612, 688, 688, 688]
Duplicate for det1 -806, mina1 1, det2 -884, mina2 1, coords [5364, 5364, 5364, 5364, 448, 448, 448, 5364, 5364, 5364, 5364, 448, 448, 448]
Duplicate for det1 -791, mina1 1, det2 -791, mina2 1, coords [4518, 4518, 4518, 4518, 448, 448, 448, 4518, 4518, 4518, 4518, 448, 448, 448]
Duplicate for det1 -771, mina1 1, det2 -771, mina2 1, coords [5066, 5066, 5066, 5066, 512, 512, 512, 5066, 5066, 5066, 5066, 512, 512, 512]
Duplicate for det1 -645, mina1 1, det2 -645, mina2 1, coords [3724, 3724, 3724, 3724, 352, 352, 352, 3724, 3724, 3724, 3724, 352, 352, 352]
Duplicate for det1 -501, mina1 1, det2 -501, mina2 1, coords [3062, 3062, 3062, 3062, 332, 332, 332, 3062, 3062, 3062, 3062, 332, 332, 332]
Duplicate for det1 -497, mina1 1, det2 -497, mina2 1, coords [2634, 2634, 2634, 2634, 280, 280, 280, 2634, 2634, 2634, 2634, 280, 280, 280]
Duplicate for det1 -485, mina1 1, det2 -485, mina2 1, coords [2184, 2184, 2184, 2184, 196, 196, 196, 2184, 2184, 2184, 2184, 196, 196, 196]
Duplicate for det1 -477, mina1 1, det2 -477, mina2 1, coords [2812, 2812, 2812, 2812, 312, 312, 312, 2812, 2812, 2812, 2812, 312, 312, 312]
Duplicate for det1 -437, mina1 1, det2 -437, mina2 1, coords [2154, 2154, 2154, 2154, 220, 220, 220, 2154, 2154, 2154, 2154, 220, 220, 220]
Duplicate for det1 -434, mina1 1, det2 -476, mina2 1, coords [2772, 2772, 2772, 2772, 256, 256, 256, 2772, 2772, 2772, 2772, 256, 256, 256]
Duplicate for det1 -299, mina1 1, det2 -299, mina2 1, coords [1392, 1392, 1392, 1392, 154, 154, 154, 1392, 1392, 1392, 1392, 154, 154, 154]
Duplicate for det1 -261, mina1 1, det2 -261, mina2 1, coords [1372, 1372, 1372, 1372, 168, 168, 168, 1372, 1372, 1372, 1372, 168, 168, 168]
Duplicate for det1 -221, mina1 1, det2 -221, mina2 1, coords [978, 978, 978, 978, 112, 112, 112, 978, 978, 978, 978, 112, 112, 112]
Duplicate for det1 -203, mina1 1, det2 -203, mina2 1, coords [918, 918, 918, 918, 112, 112, 112, 918, 918, 918, 918, 112, 112, 112]
Duplicate for det1 -186, mina1 1, det2 -204, mina2 1, coords [1208, 1208, 1208, 1208, 128, 128, 128, 1208, 1208, 1208, 1208, 128, 128, 128]
Duplicate for det1 -174, mina1 1, det2 -182, mina2 1, coords [1032, 1032, 1032, 1032, 112, 112, 112, 1032, 1032, 1032, 1032, 112, 112, 112]
Duplicate for det1 -161, mina1 1, det2 -161, mina2 1, coords [690, 690, 690, 690, 88, 88, 88, 690, 690, 690, 690, 88, 88, 88]
Duplicate for det1 -130, mina1 1, det2 -203, mina2 1, coords [918, 918, 918, 918, 112, 112, 112, 918, 918, 918, 918, 112, 112, 112]
Duplicate for det1 -99, mina1 1, det2 -99, mina2 1, coords [424, 424, 424, 424, 60, 60, 60, 424, 424, 424, 424, 60, 60, 60]
Duplicate for det1 -77, mina1 1, det2 -77, mina2 1, coords [282, 282, 282, 282, 40, 40, 40, 282, 282, 282, 282, 40, 40, 40]
Duplicate for det1 -62, mina1 1, det2 -68, mina2 1, coords [276, 276, 276, 276, 32, 32, 32, 276, 276, 276, 276, 32, 32, 32]
Duplicate for det1 -51, mina1 1, det2 -51, mina2 1, coords [194, 194, 194, 194, 32, 32, 32, 194, 194, 194, 194, 32, 32, 32]
Duplicate for det1 -33, mina1 1, det2 -33, mina2 1, coords [110, 110, 110, 110, 20, 20, 20, 110, 110, 110, 110, 20, 20, 20]
Duplicate for det1 -15, mina1 1, det2 -15, mina2 1, coords [38, 38, 38, 38, 8, 8, 8, 38, 38, 38, 38, 8, 8, 8]
Duplicate for det1 -1965, mina1 3, det2 -1965, mina2 3, coords [2176, 2176, 2176, 2176, 260, 260, 260, 2176, 2176, 2176, 2176, 260, 260, 260]
Duplicate for det1 -1785, mina1 3, det2 -1785, mina2 3, coords [2012, 2012, 2012, 2012, 256, 256, 256, 2012, 2012, 2012, 2012, 256, 256, 256]
Duplicate for det1 -759, mina1 3, det2 -759, mina2 3, coords [730, 730, 730, 730, 110, 110, 110, 730, 730, 730, 730, 110, 110, 110]
Duplicate for det1 -165, mina1 3, det2 -165, mina2 3, coords [100, 100, 100, 100, 20, 20, 20, 100, 100, 100, 100, 20, 20, 20]